7222
1370
2464
72
7
0
15
1031.7142857142858
91.33333333333333
1886
487
3.872689938398357
492.2823425250034
0
1095
0.15162004984768762
44
0.6111111111111112
6.285714285714286
17
0.2361111111111111
2.4285714285714284
3
0.041666666666666664
0.42857142857142855
19.02777777777778
46
6
0.1111111111111111
0.3055555555555556
0
0
0
0
42
0.3684210526315789
0.5833333333333334
0.030656934306569343
12.91280859691809
13.640992700729928
35.36530920519064
13.05360705596107
16.95417680454177
49.50754257907542
15.172626615295595
0.00694444444444442
11.599336171938363
598
8.305555555555555
0.4364963503649635
447
6.208333333333333
0.3262773722627737
241
3.3472222222222223
0.1759124087591241
114
1.5833333333333333
0.08321167883211679
102
1.4166666666666667
0.07445255474452554
15
0.20833333333333334
0.010948905109489052
4
0.05555555555555555
0.00291970802919708
111
1.5416666666666667
80
1.1111111111111112
0.058394160583941604
41
0.5694444444444444
0.029927007299270073
31
0.4305555555555556
0.022627737226277374
57
0.7916666666666666
0.7916666666666666
4
0.05555555555555555
0.00291970802919708
186
2.5833333333333335
0.13576642335766423
28
0.3888888888888889
0.020437956204379562
1.7985401459854014
5.271532846715329
0.40301003344481606
0.1705685618729097
0.006688963210702341
0.13377926421404682
0.051839464882943144
0.006688963210702341
0.046822742474916385
7
