7222
1370
2464
72
7
0
15
1031.7142857142858
91.33333333333333
1886
487
3.872689938398357
492.2823425250034
0
1095
0.15162004984768762
44
0.6111111111111112
6.285714285714286
17
0.2361111111111111
2.4285714285714284
3
0.041666666666666664
0.42857142857142855
19.02777777777778
46
6
0.1111111111111111
0.3055555555555556
0
0
0
0
42
0.3684210526315789
0.5833333333333334
0.030656934306569343
5
0.043859649122807015
0.06944444444444445
0.0036496350364963502
20
0.17543859649122806
0.2777777777777778
0.014598540145985401
0
32
9
8
17
1
2
28
0
0.4444444444444444
0.125
0.1111111111111111
0.2361111111111111
0.013888888888888888
0.027777777777777776
0.3888888888888889
12.91280859691809
13.640992700729928
35.36530920519064
13.05360705596107
16.95417680454177
49.50754257907542
15.172626615295595
11.599336171938363
598
8.305555555555555
0.4364963503649635
463
6.430555555555555
0.33795620437956203
248
3.4444444444444446
0.181021897810219
0.41471571906354515
114
1.5833333333333333
0.08321167883211679
104
1.4444444444444444
0.07591240875912408
0.17391304347826086
17
0.2361111111111111
0.012408759124087591
5
0.06944444444444445
0.0036496350364963502
0.008361204013377926
119
1.6527777777777777
0.08686131386861314
86
1.1944444444444444
0.06277372262773723
0.14381270903010032
42
0.5833333333333334
0.030656934306569343
32
0.4444444444444444
0.02335766423357664
0.05351170568561873
57
0.7916666666666666
0.7916666666666666
4
0.05555555555555555
0.00291970802919708
0.006688963210702341
195
2.7083333333333335
0.14233576642335766
32
0.4444444444444444
0.02335766423357664
0.05351170568561873
1.7985401459854014
5.271532846715329
7
