My approach


Decision Tree


             precision    recall  f1-score   support

          1       0.64      0.66      0.65       400
          2       0.36      0.37      0.36       400
          3       0.30      0.28      0.29       400
          4       0.31      0.33      0.32       400
          5       0.41      0.42      0.42       400
          6       0.70      0.69      0.70       400
          7       0.60      0.56      0.58       400

avg / total       0.48      0.47      0.47      2800

Accuracy: 0.4742857142857143
MSE: 1.772857142857143


KNN


             precision    recall  f1-score   support

          1       0.65      0.85      0.74       400
          2       0.45      0.34      0.38       400
          3       0.25      0.09      0.14       400
          4       0.34      0.24      0.28       400
          5       0.36      0.39      0.38       400
          6       0.35      0.39      0.37       400
          7       0.40      0.67      0.50       400

avg / total       0.40      0.42      0.40      2800

Accuracy: 0.42392857142857143
MSE: 2.1225


Logistic Regression


             precision    recall  f1-score   support

          1       0.67      0.82      0.74       400
          2       0.42      0.45      0.43       400
          3       0.41      0.32      0.36       400
          4       0.40      0.36      0.38       400
          5       0.46      0.47      0.47       400
          6       0.48      0.47      0.48       400
          7       0.58      0.58      0.58       400

avg / total       0.49      0.50      0.49      2800

Accuracy: 0.4967857142857143
MSE: 1.3592857142857142


Naive Bayes


             precision    recall  f1-score   support

          1       0.49      0.95      0.64       400
          2       0.17      0.35      0.23       400
          3       0.16      0.15      0.16       400
          4       0.60      0.01      0.01       400
          5       0.16      0.09      0.11       400
          6       0.33      0.25      0.28       400
          7       0.43      0.34      0.38       400

avg / total       0.34      0.30      0.26      2800

Accuracy: 0.30428571428571427
MSE: 3.5725


Random Forest


             precision    recall  f1-score   support

          1       0.71      0.82      0.76       400
          2       0.47      0.48      0.47       400
          3       0.46      0.33      0.39       400
          4       0.48      0.38      0.43       400
          5       0.57      0.52      0.55       400
          6       0.75      0.76      0.75       400
          7       0.62      0.84      0.71       400

avg / total       0.58      0.59      0.58      2800

Accuracy: 0.5917857142857142
MSE: 1.1667857142857143


Support Vector Classifier


             precision    recall  f1-score   support

          1       0.65      0.83      0.73       400
          2       0.41      0.45      0.43       400
          3       0.39      0.28      0.33       400
          4       0.39      0.34      0.36       400
          5       0.47      0.47      0.47       400
          6       0.54      0.53      0.53       400
          7       0.60      0.65      0.62       400

avg / total       0.49      0.51      0.50      2800

Accuracy: 0.5060714285714286
MSE: 1.3575


XGBoost


             precision    recall  f1-score   support

          1       0.71      0.77      0.74       400
          2       0.49      0.47      0.48       400
          3       0.48      0.42      0.45       400
          4       0.46      0.47      0.46       400
          5       0.58      0.57      0.58       400
          6       0.89      0.77      0.83       400
          7       0.69      0.86      0.77       400

avg / total       0.62      0.62      0.61      2800

Accuracy: 0.6178571428571429
MSE: 0.9192857142857143
