245
238
244
108
64
78
107
250
233
248
251
247
249
62
256
3
117
39
75
115
19
76
172
41
70
61
236
164
54
17
65
257
77
224
143
31
66
254
167
48
20
253
154
33
30
179
72
94
110
93
109
79
83
95
80
27
9
35
7
23
14
24
47
49
86
44
46
113
45
69
237
37
1
240
58
59
213
38
60
55
185
29
88
205
22
111
4
229
53
90
96
21
112
89
208
56
106
207
36
255
52
144
16
178
133
15
252
74
190
42
188
81
18
246
87
222
43
84
101
1
68
34
241
40
239
97
129
130
120
137
135
134
198
142
98
193
173
103
194
125
119
209
126
136
116
182
161
235
128
180
67
73
189
186
150
201
102
138
169
191
192
177
176
196
226
140
217
149
132
231
131
123
124
105
104
234
166
163
162
216
168
232
230
145
174
212
228
227
200
199
211
114
220
181
203
204
206
221
153
171
214
202
147
148
127
210
151
175
139
118
218
141
99
100
195
155
170
215
165
152
219
258
197
26
32
50
187
157
223
225
2
25
92
122
121
5
156
146
91
13
51
57
28
6
183
158
1
159
11
184
242
243
63
71
10
12
8
82
85
160
