My approach - First Dataset


Decision Tree


             precision    recall  f1-score   support

          1       0.59      0.62      0.61       400
          2       0.33      0.31      0.32       400
          3       0.25      0.24      0.24       400
          4       0.30      0.31      0.30       400
          5       0.37      0.37      0.37       400
          6       0.35      0.36      0.36       400
          7       0.43      0.41      0.42       400

avg / total       0.37      0.38      0.37      2800

Accuracy: 0.37535714285714283
MSE: 2.0021428571428572


KNN


             precision    recall  f1-score   support

          1       0.66      0.84      0.74       400
          2       0.43      0.35      0.38       400
          3       0.21      0.07      0.11       400
          4       0.33      0.23      0.27       400
          5       0.37      0.39      0.38       400
          6       0.34      0.39      0.36       400
          7       0.40      0.66      0.49       400

avg / total       0.39      0.42      0.39      2800

Accuracy: 0.41892857142857143
MSE: 2.164285714285714


Logistic Regression


             precision    recall  f1-score   support

          1       0.66      0.81      0.73       400
          2       0.41      0.43      0.42       400
          3       0.37      0.31      0.34       400
          4       0.39      0.35      0.37       400
          5       0.47      0.47      0.47       400
          6       0.47      0.45      0.46       400
          7       0.58      0.59      0.58       400

avg / total       0.48      0.49      0.48      2800

Accuracy: 0.4875
MSE: 1.3592857142857142


Naive Bayes


             precision    recall  f1-score   support

          1       0.48      0.95      0.64       400
          2       0.16      0.33      0.22       400
          3       0.17      0.15      0.16       400
          4       0.50      0.00      0.00       400
          5       0.17      0.10      0.12       400
          6       0.33      0.24      0.28       400
          7       0.44      0.34      0.39       400

avg / total       0.32      0.30      0.26      2800

Accuracy: 0.3028571428571429
MSE: 3.512142857142857


Random Forest


             precision    recall  f1-score   support

          1       0.70      0.80      0.75       400
          2       0.46      0.48      0.47       400
          3       0.42      0.30      0.35       400
          4       0.50      0.39      0.44       400
          5       0.55      0.47      0.50       400
          6       0.48      0.53      0.50       400
          7       0.53      0.70      0.60       400

avg / total       0.52      0.53      0.52      2800

Accuracy: 0.5257142857142857
MSE: 1.2346428571428572


Support Vector Classifier


             precision    recall  f1-score   support

          1       0.63      0.84      0.72       400
          2       0.41      0.41      0.41       400
          3       0.37      0.28      0.32       400
          4       0.40      0.35      0.38       400
          5       0.46      0.47      0.46       400
          6       0.46      0.45      0.45       400
          7       0.57      0.61      0.59       400

avg / total       0.47      0.49      0.48      2800

Accuracy: 0.48714285714285716
MSE: 1.4525


XGBoost


             precision    recall  f1-score   support

          1       0.73      0.78      0.75       400
          2       0.46      0.45      0.46       400
          3       0.41      0.36      0.38       400
          4       0.42      0.41      0.41       400
          5       0.53      0.47      0.50       400
          6       0.49      0.52      0.50       400
          7       0.63      0.72      0.67       400

avg / total       0.52      0.53      0.53      2800

Accuracy: 0.5303571428571429
MSE: 1.0482142857142858
