My approach - Second Dataset


Decision Tree


             precision    recall  f1-score   support

          1       0.69      0.72      0.71       400
          2       0.41      0.39      0.40       400
          3       0.36      0.37      0.37       400
          4       0.35      0.33      0.34       400
          5       0.43      0.42      0.43       400
          6       0.38      0.39      0.39       400
          7       0.53      0.54      0.53       400

avg / total       0.45      0.45      0.45      2800

Accuracy: 0.4525
MSE: 1.5707142857142857


KNN


             precision    recall  f1-score   support

          1       0.67      0.89      0.76       400
          2       0.45      0.33      0.38       400
          3       0.29      0.14      0.19       400
          4       0.34      0.27      0.30       400
          5       0.39      0.39      0.39       400
          6       0.34      0.40      0.37       400
          7       0.42      0.63      0.50       400

avg / total       0.42      0.44      0.41      2800

Accuracy: 0.4357142857142857
MSE: 1.8571428571428572


Logistic Regression


             precision    recall  f1-score   support

          1       0.70      0.85      0.77       400
          2       0.47      0.46      0.46       400
          3       0.41      0.37      0.39       400
          4       0.41      0.40      0.40       400
          5       0.51      0.49      0.50       400
          6       0.52      0.51      0.51       400
          7       0.64      0.64      0.64       400

avg / total       0.52      0.53      0.52      2800

Accuracy: 0.5289285714285714
MSE: 1.2153571428571428


Naive Bayes


             precision    recall  f1-score   support

          1       0.58      0.92      0.71       400
          2       0.23      0.47      0.31       400
          3       0.22      0.20      0.21       400
          4       0.13      0.07      0.09       400
          5       0.20      0.09      0.12       400
          6       0.36      0.26      0.30       400
          7       0.51      0.38      0.43       400

avg / total       0.32      0.34      0.31      2800

Accuracy: 0.3410714285714286
MSE: 2.791785714285714


Random Forest


             precision    recall  f1-score   support

          1       0.75      0.82      0.78       400
          2       0.52      0.58      0.55       400
          3       0.51      0.35      0.41       400
          4       0.47      0.42      0.44       400
          5       0.55      0.50      0.52       400
          6       0.50      0.56      0.53       400
          7       0.60      0.71      0.65       400

avg / total       0.56      0.56      0.56      2800

Accuracy: 0.5628571428571428
MSE: 1.059642857142857


Support Vector Classifier


             precision    recall  f1-score   support

          1       0.68      0.88      0.77       400
          2       0.44      0.42      0.43       400
          3       0.40      0.36      0.38       400
          4       0.41      0.37      0.39       400
          5       0.50      0.49      0.50       400
          6       0.51      0.51      0.51       400
          7       0.64      0.64      0.64       400

avg / total       0.51      0.52      0.52      2800

Accuracy: 0.5235714285714286
MSE: 1.2746428571428572


XGBoost


             precision    recall  f1-score   support

          1       0.75      0.79      0.77       400
          2       0.54      0.56      0.55       400
          3       0.48      0.43      0.46       400
          4       0.48      0.44      0.46       400
          5       0.59      0.54      0.56       400
          6       0.54      0.58      0.56       400
          7       0.67      0.74      0.70       400

avg / total       0.58      0.58      0.58      2800

Accuracy: 0.5842857142857143
MSE: 0.9128571428571428
