My approach - Network Features Only


Decision Tree


             precision    recall  f1-score   support

          1       0.55      0.53      0.54       400
          2       0.24      0.24      0.24       400
          3       0.22      0.21      0.22       400
          4       0.21      0.21      0.21       400
          5       0.24      0.27      0.25       400
          6       0.27      0.27      0.27       400
          7       0.37      0.35      0.36       400

avg / total       0.30      0.30      0.30      2800

Accuracy: 0.2975
MSE: 3.6075


KNN


             precision    recall  f1-score   support

          1       0.58      0.61      0.60       400
          2       0.32      0.26      0.28       400
          3       0.18      0.13      0.15       400
          4       0.24      0.17      0.20       400
          5       0.23      0.31      0.26       400
          6       0.24      0.23      0.23       400
          7       0.30      0.41      0.35       400

avg / total       0.30      0.30      0.30      2800

Accuracy: 0.3032142857142857
MSE: 3.956785714285714


Logistic Regression


             precision    recall  f1-score   support

          1       0.48      0.86      0.61       400
          2       0.21      0.19      0.20       400
          3       0.27      0.10      0.14       400
          4       0.21      0.20      0.20       400
          5       0.28      0.24      0.26       400
          6       0.30      0.28      0.29       400
          7       0.38      0.47      0.42       400

avg / total       0.30      0.33      0.30      2800

Accuracy: 0.33214285714285713
MSE: 3.5828571428571427


Naive Bayes


             precision    recall  f1-score   support

          1       0.23      0.87      0.37       400
          2       0.11      0.20      0.14       400
          3       0.18      0.12      0.15       400
          4       0.23      0.03      0.05       400
          5       0.33      0.00      0.00       400
          6       0.12      0.01      0.01       400
          7       0.32      0.15      0.21       400

avg / total       0.22      0.20      0.13      2800

Accuracy: 0.1982142857142857
MSE: 9.055714285714286


Random Forest


             precision    recall  f1-score   support

          1       0.61      0.71      0.66       400
          2       0.31      0.30      0.30       400
          3       0.31      0.23      0.26       400
          4       0.30      0.28      0.29       400
          5       0.32      0.27      0.29       400
          6       0.32      0.35      0.34       400
          7       0.37      0.47      0.42       400

avg / total       0.36      0.37      0.37      2800

Accuracy: 0.3732142857142857
MSE: 2.7903571428571428


Support Vector Classifier


             precision    recall  f1-score   support

          1       0.43      0.89      0.58       400
          2       0.20      0.15      0.17       400
          3       0.34      0.05      0.08       400
          4       0.20      0.12      0.15       400
          5       0.28      0.18      0.22       400
          6       0.29      0.33      0.31       400
          7       0.37      0.59      0.45       400

avg / total       0.30      0.33      0.28      2800

Accuracy: 0.3314285714285714
MSE: 3.8460714285714284


XGBoost


             precision    recall  f1-score   support

          1       0.58      0.65      0.61       400
          2       0.28      0.24      0.26       400
          3       0.33      0.28      0.30       400
          4       0.27      0.25      0.26       400
          5       0.28      0.28      0.28       400
          6       0.34      0.35      0.35       400
          7       0.36      0.42      0.39       400

avg / total       0.35      0.35      0.35      2800

Accuracy: 0.35464285714285715
MSE: 2.9685714285714284
