My approach - Network & Text Features


Decision Tree


             precision    recall  f1-score   support

          1       0.62      0.64      0.63       400
          2       0.34      0.35      0.34       400
          3       0.29      0.28      0.28       400
          4       0.28      0.29      0.29       400
          5       0.40      0.40      0.40       400
          6       0.35      0.35      0.35       400
          7       0.43      0.43      0.43       400

avg / total       0.39      0.39      0.39      2800

Accuracy: 0.3892857142857143
MSE: 1.9242857142857144


KNN


             precision    recall  f1-score   support

          1       0.67      0.81      0.73       400
          2       0.39      0.35      0.37       400
          3       0.18      0.07      0.10       400
          4       0.31      0.23      0.26       400
          5       0.39      0.42      0.41       400
          6       0.34      0.34      0.34       400
          7       0.39      0.67      0.49       400

avg / total       0.38      0.41      0.39      2800

Accuracy: 0.4125
MSE: 2.1332142857142857


Logistic Regression


             precision    recall  f1-score   support

          1       0.66      0.80      0.72       400
          2       0.40      0.44      0.42       400
          3       0.36      0.28      0.32       400
          4       0.40      0.38      0.39       400
          5       0.44      0.44      0.44       400
          6       0.46      0.43      0.44       400
          7       0.54      0.55      0.55       400

avg / total       0.47      0.47      0.47      2800

Accuracy: 0.475
MSE: 1.4925


Naive Bayes


             precision    recall  f1-score   support

          1       0.49      0.95      0.65       400
          2       0.18      0.35      0.24       400
          3       0.16      0.17      0.16       400
          4       0.75      0.01      0.01       400
          5       0.15      0.09      0.11       400
          6       0.35      0.23      0.28       400
          7       0.43      0.34      0.38       400

avg / total       0.36      0.30      0.26      2800

Accuracy: 0.30392857142857144
MSE: 3.5396428571428573


Random Forest


             precision    recall  f1-score   support

          1       0.71      0.80      0.76       400
          2       0.46      0.48      0.47       400
          3       0.46      0.31      0.37       400
          4       0.43      0.36      0.39       400
          5       0.54      0.47      0.50       400
          6       0.45      0.54      0.49       400
          7       0.51      0.65      0.57       400

avg / total       0.51      0.51      0.51      2800

Accuracy: 0.5146428571428572
MSE: 1.3307142857142857


Support Vector Classifier


             precision    recall  f1-score   support

          1       0.64      0.84      0.73       400
          2       0.40      0.43      0.42       400
          3       0.38      0.28      0.32       400
          4       0.39      0.35      0.37       400
          5       0.42      0.42      0.42       400
          6       0.44      0.43      0.44       400
          7       0.53      0.55      0.54       400

avg / total       0.46      0.47      0.46      2800

Accuracy: 0.4717857142857143
MSE: 1.5014285714285713


XGBoost


             precision    recall  f1-score   support

          1       0.71      0.77      0.74       400
          2       0.48      0.46      0.47       400
          3       0.48      0.39      0.43       400
          4       0.47      0.46      0.46       400
          5       0.52      0.48      0.50       400
          6       0.47      0.52      0.50       400
          7       0.58      0.65      0.62       400

avg / total       0.53      0.53      0.53      2800

Accuracy: 0.5342857142857143
MSE: 1.0871428571428572
