My approach - Network & Review Features


Decision Tree


             precision    recall  f1-score   support

          1       0.62      0.58      0.60       400
          2       0.28      0.29      0.28       400
          3       0.22      0.24      0.23       400
          4       0.24      0.24      0.24       400
          5       0.31      0.29      0.30       400
          6       0.37      0.38      0.37       400
          7       0.44      0.42      0.43       400

avg / total       0.35      0.35      0.35      2800

Accuracy: 0.3482142857142857
MSE: 2.7385714285714284


KNN


             precision    recall  f1-score   support

          1       0.45      0.69      0.55       400
          2       0.26      0.24      0.25       400
          3       0.19      0.07      0.10       400
          4       0.12      0.06      0.08       400
          5       0.21      0.20      0.20       400
          6       0.28      0.34      0.31       400
          7       0.37      0.55      0.44       400

avg / total       0.27      0.31      0.28      2800

Accuracy: 0.3067857142857143
MSE: 4.070357142857143


Logistic Regression


             precision    recall  f1-score   support

          1       0.54      0.82      0.65       400
          2       0.33      0.34      0.34       400
          3       0.41      0.22      0.28       400
          4       0.26      0.18      0.21       400
          5       0.37      0.29      0.33       400
          6       0.41      0.42      0.41       400
          7       0.47      0.66      0.55       400

avg / total       0.40      0.42      0.40      2800

Accuracy: 0.41892857142857143
MSE: 2.5010714285714286


Naive Bayes


             precision    recall  f1-score   support

          1       0.28      0.93      0.44       400
          2       0.13      0.26      0.17       400
          3       0.35      0.07      0.12       400
          4       0.25      0.01      0.01       400
          5       0.33      0.00      0.00       400
          6       0.29      0.27      0.28       400
          7       0.38      0.21      0.27       400

avg / total       0.29      0.25      0.19      2800

Accuracy: 0.25
MSE: 6.785357142857142


Random Forest


             precision    recall  f1-score   support

          1       0.66      0.76      0.71       400
          2       0.35      0.31      0.33       400
          3       0.37      0.30      0.33       400
          4       0.35      0.28      0.31       400
          5       0.43      0.39      0.41       400
          6       0.41      0.44      0.42       400
          7       0.52      0.69      0.59       400

avg / total       0.44      0.45      0.44      2800

Accuracy: 0.45285714285714285
MSE: 1.8717857142857144


Support Vector Classifier


             precision    recall  f1-score   support

          1       0.48      0.87      0.62       400
          2       0.29      0.30      0.29       400
          3       0.37      0.12      0.18       400
          4       0.26      0.13      0.17       400
          5       0.39      0.25      0.30       400
          6       0.40      0.41      0.40       400
          7       0.45      0.72      0.55       400

avg / total       0.38      0.40      0.36      2800

Accuracy: 0.4007142857142857
MSE: 2.8914285714285715


XGBoost


             precision    recall  f1-score   support

          1       0.70      0.73      0.71       400
          2       0.36      0.34      0.35       400
          3       0.37      0.33      0.35       400
          4       0.35      0.32      0.33       400
          5       0.43      0.42      0.43       400
          6       0.44      0.47      0.45       400
          7       0.54      0.64      0.59       400

avg / total       0.46      0.46      0.46      2800

Accuracy: 0.46285714285714286
MSE: 1.8064285714285715
