My approach - Review Features Only


Decision Tree


             precision    recall  f1-score   support

          1       0.54      0.53      0.53       400
          2       0.22      0.24      0.23       400
          3       0.21      0.20      0.21       400
          4       0.21      0.19      0.20       400
          5       0.25      0.25      0.25       400
          6       0.34      0.36      0.35       400
          7       0.47      0.44      0.45       400

avg / total       0.32      0.32      0.32      2800

Accuracy: 0.31607142857142856
MSE: 3.013571428571429


KNN


             precision    recall  f1-score   support

          1       0.43      0.51      0.46       400
          2       0.24      0.30      0.27       400
          3       0.19      0.10      0.13       400
          4       0.12      0.06      0.08       400
          5       0.21      0.20      0.21       400
          6       0.26      0.28      0.27       400
          7       0.37      0.57      0.45       400

avg / total       0.26      0.29      0.27      2800

Accuracy: 0.2875
MSE: 4.396071428571428


Logistic Regression


             precision    recall  f1-score   support

          1       0.50      0.81      0.62       400
          2       0.30      0.34      0.32       400
          3       0.34      0.15      0.21       400
          4       0.26      0.17      0.20       400
          5       0.33      0.22      0.26       400
          6       0.40      0.43      0.42       400
          7       0.45      0.65      0.53       400

avg / total       0.37      0.40      0.37      2800

Accuracy: 0.39535714285714285
MSE: 2.797857142857143


Naive Bayes


             precision    recall  f1-score   support

          1       0.28      0.95      0.43       400
          2       0.12      0.22      0.16       400
          3       0.40      0.04      0.08       400
          4       0.33      0.01      0.01       400
          5       0.50      0.00      0.00       400
          6       0.30      0.34      0.32       400
          7       0.41      0.22      0.29       400

avg / total       0.34      0.26      0.18      2800

Accuracy: 0.255
MSE: 6.413214285714286


Random Forest


             precision    recall  f1-score   support

          1       0.60      0.68      0.63       400
          2       0.28      0.26      0.27       400
          3       0.26      0.23      0.25       400
          4       0.28      0.21      0.24       400
          5       0.32      0.29      0.30       400
          6       0.39      0.41      0.40       400
          7       0.49      0.67      0.57       400

avg / total       0.37      0.39      0.38      2800

Accuracy: 0.3917857142857143
MSE: 2.204285714285714


Support Vector Classifier


             precision    recall  f1-score   support

          1       0.45      0.86      0.59       400
          2       0.26      0.29      0.27       400
          3       0.34      0.08      0.13       400
          4       0.26      0.13      0.17       400
          5       0.34      0.17      0.22       400
          6       0.38      0.42      0.40       400
          7       0.42      0.70      0.53       400

avg / total       0.35      0.38      0.33      2800

Accuracy: 0.3782142857142857
MSE: 3.162142857142857


XGBoost


             precision    recall  f1-score   support

          1       0.62      0.66      0.64       400
          2       0.32      0.29      0.31       400
          3       0.26      0.25      0.26       400
          4       0.29      0.24      0.26       400
          5       0.30      0.28      0.29       400
          6       0.38      0.41      0.40       400
          7       0.51      0.62      0.56       400

avg / total       0.38      0.39      0.39      2800

Accuracy: 0.39357142857142857
MSE: 2.182142857142857
