My approach - Text Features Only


Decision Tree


             precision    recall  f1-score   support

          1       0.62      0.63      0.62       400
          2       0.33      0.32      0.33       400
          3       0.27      0.27      0.27       400
          4       0.26      0.29      0.28       400
          5       0.36      0.36      0.36       400
          6       0.35      0.33      0.34       400
          7       0.45      0.45      0.45       400

avg / total       0.38      0.38      0.38      2800

Accuracy: 0.37785714285714284
MSE: 2.085


KNN


             precision    recall  f1-score   support

          1       0.69      0.79      0.74       400
          2       0.39      0.40      0.39       400
          3       0.16      0.06      0.09       400
          4       0.31      0.21      0.25       400
          5       0.41      0.42      0.41       400
          6       0.35      0.37      0.36       400
          7       0.39      0.66      0.49       400

avg / total       0.38      0.41      0.39      2800

Accuracy: 0.415
MSE: 2.1014285714285714


Logistic Regression


             precision    recall  f1-score   support

          1       0.66      0.81      0.73       400
          2       0.40      0.43      0.42       400
          3       0.34      0.28      0.30       400
          4       0.40      0.36      0.38       400
          5       0.43      0.45      0.44       400
          6       0.45      0.42      0.44       400
          7       0.53      0.53      0.53       400

avg / total       0.46      0.47      0.46      2800

Accuracy: 0.4689285714285714
MSE: 1.4810714285714286


Naive Bayes


             precision    recall  f1-score   support

          1       0.48      0.95      0.64       400
          2       0.17      0.32      0.22       400
          3       0.16      0.17      0.17       400
          4       0.67      0.01      0.01       400
          5       0.16      0.10      0.12       400
          6       0.33      0.22      0.26       400
          7       0.43      0.34      0.38       400

avg / total       0.34      0.30      0.26      2800

Accuracy: 0.29964285714285716
MSE: 3.467857142857143


Random Forest


             precision    recall  f1-score   support

          1       0.69      0.80      0.74       400
          2       0.45      0.46      0.45       400
          3       0.42      0.28      0.34       400
          4       0.43      0.35      0.39       400
          5       0.53      0.46      0.49       400
          6       0.44      0.52      0.48       400
          7       0.49      0.65      0.56       400

avg / total       0.49      0.50      0.49      2800

Accuracy: 0.5021428571428571
MSE: 1.3528571428571428


Support Vector Classifier


             precision    recall  f1-score   support

          1       0.62      0.83      0.71       400
          2       0.38      0.39      0.39       400
          3       0.34      0.26      0.30       400
          4       0.40      0.34      0.37       400
          5       0.42      0.43      0.42       400
          6       0.44      0.42      0.43       400
          7       0.52      0.54      0.53       400

avg / total       0.45      0.46      0.45      2800

Accuracy: 0.45964285714285713
MSE: 1.5225


XGBoost


             precision    recall  f1-score   support

          1       0.71      0.76      0.74       400
          2       0.44      0.43      0.44       400
          3       0.42      0.36      0.39       400
          4       0.44      0.43      0.43       400
          5       0.51      0.50      0.51       400
          6       0.47      0.50      0.48       400
          7       0.57      0.61      0.59       400

avg / total       0.51      0.51      0.51      2800

Accuracy: 0.5139285714285714
MSE: 1.1717857142857142
